fr_030 fw_0 3.30926949011 0.0896935984251 0.08796 0.08198 3.30
fr_030 fw_5 3.21654101263 0.108965199908 0.0879 0.08368 3.21
fr_030 fw_35 190.262710127 0.290450502944 6.158 0.12 190
fr_030 fw_60 323.420269877 0.121551561933 15.14 0.1851 323
fr_044 fw_0 4.71558851857 0.484349748928 0.1986 0.1967 4.72
fr_044 fw_5 5.81744366885 0.345405763207 0.2454 0.1982 5.82
fr_044 fw_35 402.485848715 0.523221843793 24.24 0.3425 402
fr_044 fw_60 650.627648886 0.782481262278 82.08 0.8585 651
fr_070 fw_0 12.4070878062 0.176593412785 0.5176 0.1681 12.4
fr_070 fw_5 13.0743863083 0.189312975099 0.5566 0.1749 13.1
fr_070 fw_35 573.874138766 0.192805665065 50.42 0.5691 573
fr_070 fw_60 1507.01053705 0.854414670346 247.4 1.751 1510
fr_100 fw_0 20.5963020335 0.0809286633355 0.2466 0.02916 20.6
fr_100 fw_5 25.2404149422 0.10076207115 0.2594 0.02689 25.2
fr_100 fw_35 907.597141021 -0.894413351157 40.3 0.2328 908
fr_100 fw_60 2738.50830083 -0.83650803601 224.7 0.6106 2740
fr_143 fw_0 30.5618009868 0.0293216855529 0.5185 0.03338 30.6
fr_143 fw_5 54.3721996018 0.00850289696426 1.338 0.05429 54.4 
fr_143 fw_35 1224.99722888 -0.736400663917 71.36 0.3226 1220
fr_143 fw_60 2910.88935551 -0.641185761816 858.1 1.32 2910
fr_217 fw_0 35.7289570888 0.0488640701222 0.5019 0.01851 35.7
fr_217 fw_5 114.168837028 -0.0502545028561 2.7 0.03806 114
fr_217 fw_35 1482.82141112 -1.33916685194 94.77 0.2582 1480
fr_217 fw_60 1174.86712567 -0.15336626881 170.9 0.2308 1180
