1.0 7.7319445643 9.06527789763 39.2978483133 59.2978483133
2.0 9.30044047133 10.6337738047 60.8817002284 80.8817002284
3.0 16.1088867432 17.4422200766 42.3979680919 62.3979680919
4.0 10.3705748543 11.7039081876 -6.22574786448 13.7742521355
5.0 11.6914308935 13.0247642269 -6.82366560685 13.1763343932
6.0 22.7347068828 24.0680402161 -62.2928241017 -42.2928241017
7.0 22.1200263569 23.4533596902 -18.1190460055 1.88095399454
8.0 22.0424174797 23.375750813 1.89184113513 21.8918411351
9.0 13.4678124602 14.8011457935 43.5831862465 63.5831862465
10.0 4.01278513319 5.34611846652 -39.5514854122 -19.5514854122
11.0 22.7479217547 24.0812550881 -33.01866968 -13.01866968
12.0 9.96811551174 11.3014488451 14.6867169229 34.6867169229
13.0 0.426042638899 1.75937597223 -7.32231430562 12.6776856944
14.0 1.01574464307 2.34907797641 -37.9371647283 -17.9371647283
15.0 9.03404114629 10.3673744796 -4.6639134004 15.3360865996
16.0 1.86620345949 3.19953679282 -60.2091007796 -40.2091007796
17.0 10.9285303107 12.2618636441 29.4806387058 49.4806387058
18.0 12.958272277 14.2916056104 21.6603323135 41.6603323135
19.0 8.06616710648 9.39950043982 15.1314437416 35.1314437416
