  30 40 40 70 70 100 100 143 143 217 217
  0 0.000204661 0 0.000214728 0 0.000215936 0 0.000233549 0 0.000316938 0
  0 0.000177140 0 0.000185847 0 0.000180282 0 0.000197142 0 0.000281441 0
  0 0.000123668 0 0.000128221 0 0.000125360 0 0.000150734 0 0.000272408 0
  0 0.000139493 0 0.000155980 0 0.000152100 0 0.000171861 0 0.000265614 0
  0 0.000088495 0 0.000090695 0 0.000088488 0 0.000109226 0 0.000207357 0
  0 0.000076160 0 0.000086095 0 0.000079949 0 0.000098466 0 0.000179629 0
  0 0.000076379 0 0.000078169 0 0.000068369 0 0.000086747 0 0.000163469 0
  0 0.000180470 0 0.000190769 0 0.000185372 0 0.000207403 0 0.000309493 0
  0 0.000148088 0 0.000152171 0 0.000144357 0 0.000166452 0 0.000266114 0
  0 0.000111410 0 0.000113484 0 0.000112394 0 0.000132564 0 0.000231818 0
  0 0.000100184 0 0.000195797 0 0.000194791 0 0.000225731 0 0.000214526 0
  0 0.000136471 0 0.000142489 0 0.000141874 0 0.000163117 0 0.000269400 0
  0 0.000159010 0 0.000159540 0 0.000156995 0 0.000178817 0 0.000315264 0
  0 0.000068884 0 0.000071840 0 0.000066130 0 0.000083299 0 0.000166373 0
  0 0.000109581 0 0.000122037 0 0.000118521 0 0.000138382 0 0.000231062 0
  0 0.000143712 0 0.000141005 0 0.000139265 0 0.000159048 0 0.000257392 0
  0 0.000097814 0 0.000102066 0 0.000100632 0 0.000121273 0 0.000213549 0
  0 0.000079056 0 0.000078969 0 0.000076590 0 0.000092048 0 0.000173652 0
  0 0.000091100 0 0.000086564 0 0.000091575 0 0.000116322 0 0.000298181 0
  0 0.000105555 0 0.000109349 0 0.000110185 0 0.000131869 0 0.000284587 0
  0 0.000105555 0 0.000099690 0 0.000105382 0 0.000125538 0 0.000284587 0
  0 0.000075352 0 0.000084409 0 0.000077507 0 0.000093428 0 0.000167499 0
  0 0.000092157 0 0.000094314 0 0.000089627 0 0.000105862 0 0.000180441 0
  0 0.000125850 0 0.000120122 0 0.000116944 0 0.000129106 0 0.000195082 0
  0 0.000096143 0 0.000104173 0 0.000096599 0 0.000111857 0 0.000179950 0
  0 0.000084904 0 0.000092037 0 0.000086882 0 0.000102467 0 0.000169366 0
  0 0.000108200 0 0.000096837 0 0.000085383 0 0.000098584 0 0.000158937 0
  0 0.000068508 0 0.000076377 0 0.000070371 0 0.000083477 0 0.000144070 0
  0 0.000180604 0 0.000182167 0 0.000176252 0 0.000192682 0 0.000266011 0
  0 0.000065780 0 0.000069438 0 0.000064103 0 0.000086240 0 0.000186021 0
  0 0.000084579 0 0.000089408 0 0.000085046 0 0.000099900 0 0.000168735 0
  0 0.000137440 0 0.000137738 0 0.000133944 0 0.000148497 0 0.000212232 0
  0 0.000071936 0 0.000074199 0 0.000070013 0 0.000089249 0 0.000177496 0
  0 0.000089832 0 0.000097515 0 0.000089756 0 0.000104870 0 0.000170680 0
  0 0.000090282 0 0.000094777 0 0.000084381 0 0.000098552 0 0.000164630 0
  0 0.000102665 0 0.000106719 0 0.000099313 0 0.000113190 0 0.000174019 0
  0 0.000140438 0 0.000149213 0 0.000145132 0 0.000166004 0 0.000270251 0
  0 0.000092276 0 0.000097118 0 0.000094567 0 0.000115628 0 0.000225818 0
  0 0.000098442 0 0.000106505 0 0.000104210 0 0.000123808 0 0.000209911 0
  0 0.000115452 0 0.000116056 0 0.000113146 0 0.000154154 0 0.000263747 0
  0 0.000130687 0 0.000142737 0 0.000135422 0 0.000156855 0 0.000263747 0
  0 0.000127306 0 0.000132416 0 0.000128181 0 0.000146634 0 0.000240259 0
  0 0.000131827 0 0.000145588 0 0.000138311 0 0.000155076 0 0.000237710 0
  0 0.000078590 0 0.000091602 0 0.000091928 0 0.000111204 0 0.000205716 0
  0 0.000137122 0 0.000140656 0 0.000139506 0 0.000156700 0 0.000238480 0
  0 0.000070584 0 0.000078831 0 0.000075527 0 0.000094205 0 0.000184794 0
  0 0.000088844 0 0.000093223 0 0.000089677 0 0.000111932 0 0.000211299 0
  0 0.000073452 0 0.000082944 0 0.000086355 0 0.000129136 0 0.000325787 0
  0 0.000094391 0 0.000095637 0 0.000089912 0 0.000108281 0 0.000195224 0
  0 0.000099547 0 0.000106756 0 0.000105040 0 0.000130248 0 0.000251873 0
  0 0.000063844 0 0.000071817 0 0.000071198 0 0.000105036 0 0.000261615 0
  0 0.000101388 0 0.000118146 0 0.000111667 0 0.000127723 0 0.000206377 0
  0 0.000064058 0 0.000072208 0 0.000066830 0 0.000087293 0 0.000186738 0
  0 0.000137858 0 0.000139491 0 0.000136346 0 0.000154862 0 0.000257141 0
  0 0.000068608 0 0.000079155 0 0.000071725 0 0.000091729 0 0.000186897 0
  0 0.000074543 0 0.000081813 0 0.000077620 0 0.000104768 0 0.000231124 0
  0 0.000057270 0 0.000062810 0 0.000057790 0 0.000077875 0 0.000174109 0
  0 0.000057270 0 0.000062810 0 0.000057790 0 0.000077875 0 0.000174109 0
  0 0.000114682 0 0.000122921 0 0.000120117 0 0.000141851 0 0.000248709 0
  0 0.000062753 0 0.000069046 0 0.000063795 0 0.000084322 0 0.000176523 0
  0 0.000091628 0 0.000091638 0 0.000088083 0 0.000108385 0 0.000199788 0
  0 0.000091628 0 0.000081335 0 0.000078089 0 0.000094823 0 0.000170059 0
  0 0.000089883 0 0.000094649 0 0.000092827 0 0.000114383 0 0.000210618 0
  0 0.000062753 0 0.000069046 0 0.000063795 0 0.000084322 0 0.000176523 0
  0 0.000056014 0 0.000065972 0 0.000062722 0 0.000083494 0 0.000188363 0
  0 0.000058807 0 0.000065297 0 0.000060003 0 0.000081690 0 0.000178634 0
  0 0.000099345 0 0.000101565 0 0.000096277 0 0.000118630 0 0.000220741 0
  0 0.001005730 0 0.000439462 0 0.000200310 0 0.000158162 0 0.000203594 0
  0 0.000073791 0 0.000086653 0 0.000080345 0 0.000096094 0 0.000153555 0
  0 0.000105626 0 0.000116514 0 0.000111444 0 0.000125274 0 0.000178968 0
  0 0.000112001 0 0.000115186 0 0.000108844 0 0.000124695 0 0.000186235 0
  0 0.000105626 0 0.000116514 0 0.000111444 0 0.000125274 0 0.000178968 0
  0 0.000091011 0 0.000095177 0 0.000089187 0 0.000102452 0 0.000159218 0
  0 0.000171007 0 0.000175568 0 0.000171784 0 0.000185475 0 0.000240531 0
  0 0.000119468 0 0.000131915 0 0.000122057 0 0.000135722 0 0.000190301 0
  0 0.000216936 0 0.000214653 0 0.000211930 0 0.000236994 0 0.000342624 0
  0 0.000107578 0 0.000113465 0 0.000109386 0 0.000129962 0 0.000213003 0
  0 0.000123971 0 0.000124439 0 0.000119173 0 0.000139950 0 0.000221790 0
  0 0.000120565 0 0.000122322 0 0.000115664 0 0.000133493 0 0.000202447 0
  0 0.000118317 0 0.000124439 0 0.000119173 0 0.000139950 0 0.000221790 0
  0 0.000100076 0 0.000107199 0 0.000101000 0 0.000120493 0 0.000195096 0
  0 0.000182062 0 0.000187713 0 0.000180814 0 0.000198599 0 0.000264346 0
  0 0.000106242 0 0.000110170 0 0.000107618 0 0.000124704 0 0.000191127 0
  0 0.000172605 0 0.000175413 0 0.000172111 0 0.000198183 0 0.000299812 0
  0 0.000105198 0 0.000115866 0 0.000112269 0 0.000135233 0 0.000227304 0
  0 0.000172605 0 0.000175413 0 0.000172111 0 0.000198183 0 0.000299812 0
  0 0.000107763 0 0.000112344 0 0.000108255 0 0.000128824 0 0.000207998 0
  0 0.000134713 0 0.000141014 0 0.000130935 0 0.000151425 0 0.000235356 0
  0 0.000158988 0 0.000168337 0 0.000169647 0 0.000196188 0 0.000304860 0
  0 0.000113634 0 0.000123383 0 0.000122247 0 0.000143980 0 0.000235267 0
  0 0.000137345 0 0.000142660 0 0.000141126 0 0.000173686 0 0.000304266 0
  0 0.000120549 0 0.000132284 0 0.000127061 0 0.000151310 0 0.000252124 0
  0 0.000132577 0 0.000132912 0 0.000131943 0 0.000159257 0 0.000268209 0
  0 0.000134658 0 0.000141585 0 0.000144519 0 0.000175497 0 0.000316066 0
  0 0.000180446 0 0.000180150 0 0.000180934 0 0.000213943 0 0.000354696 0
  0 0.000146999 0 0.000161072 0 0.000168498 0 0.000203629 0 0.000371846 0
  0 0.000146999 0 0.000161072 0 0.000168498 0 0.000203629 0 0.000371846 0
  0 0.000130873 0 0.000131621 0 0.000129615 0 0.000151120 0 0.000237784 0
  0 0.000236649 0 0.000224216 0 0.000288124 0 0.000278929 0 0.000610384 0
  0 0.000223075 0 0.000234847 0 0.000228517 0 0.000249220 0 0.000336207 0
  0 0.000136890 0 0.000136561 0 0.000128970 0 0.000152728 0 0.000251026 0
  0 0.000111672 0 0.000111948 0 0.000109908 0 0.000135273 0 0.000232581 0
  0 0.000111672 0 0.000111948 0 0.000109908 0 0.000135273 0 0.000232581 0
  0 0.000120974 0 0.000128270 0 0.000127791 0 0.000149756 0 0.000239761 0
  0 0.000092431 0 0.000095245 0 0.000092370 0 0.000123266 0 0.000250293 0
  0 0.000136925 0 0.000145683 0 0.000138169 0 0.000151335 0 0.000216199 0
  0 0.000133260 0 0.000139213 0 0.000132627 0 0.000147996 0 0.000212830 0
  0 0.000123602 0 0.000127506 0 0.000123799 0 0.000136508 0 0.000197496 0
  0 0.000184371 0 0.000125644 0 0.000119857 0 0.000131307 0 0.000189575 0
  0 0.000156744 0 0.000166964 0 0.000162019 0 0.000176411 0 0.000245089 0
  0 0.000104015 0 0.000112004 0 0.000105163 0 0.000117668 0 0.000177598 0
  0 0.000133260 0 0.000139213 0 0.000132627 0 0.000147996 0 0.000212830 0
  0 0.000221326 0 0.000227008 0 0.000219851 0 0.000236659 0 0.000317128 0
  0 0.000132580 0 0.000140478 0 0.000134016 0 0.000148696 0 0.000217199 0
  0 0.000166570 0 0.000176187 0 0.000173966 0 0.000188396 0 0.000255531 0
  0 0.000150792 0 0.000155489 0 0.000151648 0 0.000167694 0 0.000244852 0
  0 0.000150792 0 0.000155489 0 0.000151648 0 0.000167694 0 0.000244852 0
  0 0.000177079 0 0.000184336 0 0.000182156 0 0.000200854 0 0.000281369 0
  0 0.000109860 0 0.000122598 0 0.000109195 0 0.000123107 0 0.000188444 0
  0 0.000129184 0 0.000133889 0 0.000127163 0 0.000148593 0 0.000245022 0
  0 0.000149917 0 0.000152741 0 0.000142848 0 0.000160372 0 0.000244095 0
  0 0.000149917 0 0.000152741 0 0.000142848 0 0.000160372 0 0.000244095 0
  0 0.000169283 0 0.000176520 0 0.000176034 0 0.000195748 0 0.000284818 0
  0 0.000188593 0 0.000196640 0 0.000197249 0 0.000219692 0 0.000324377 0
  0 0.000169283 0 0.000176520 0 0.000176034 0 0.000195748 0 0.000284818 0
  0 0.000083403 0 0.000090482 0 0.000085252 0 0.000099944 0 0.000166239 0
  0 0.000119318 0 0.000130715 0 0.000125954 0 0.000145444 0 0.000230184 0
  0 0.000077766 0 0.000092104 0 0.000087189 0 0.000103093 0 0.000171247 0
  0 0.000252853 0 0.000191301 0 0.000148439 0 0.000157742 0 0.000210136 0
  0 0.000109860 0 0.000122598 0 0.000115408 0 0.000132628 0 0.000207012 0
  0 0.000087210 0 0.000088178 0 0.000083366 0 0.000105045 0 0.000199250 0
  0 0.000179856 0 0.000182420 0 0.000177406 0 0.000190678 0 0.000248824 0
  0 0.000148187 0 0.000157185 0 0.000151801 0 0.000165129 0 0.000216571 0
  0 0.000160941 0 0.000167145 0 0.000160697 0 0.000175192 0 0.000232395 0
  0 0.000166839 0 0.000171895 0 0.000162448 0 0.000176559 0 0.000232395 0
  0 0.000116495 0 0.000127013 0 0.000118643 0 0.000133551 0 0.000187522 0
  0 0.000120783 0 0.000119634 0 0.000110061 0 0.000123612 0 0.000176045 0
  0 0.000199833 0 0.000200656 0 0.000197934 0 0.000216310 0 0.000292745 0
  0 0.000092905 0 0.000105851 0 0.000097413 0 0.000114663 0 0.000181502 0
  0 0.000118317 0 0.000124439 0 0.000119173 0 0.000139950 0 0.000221790 0
  0 0.000199833 0 0.000200656 0 0.000197934 0 0.000216310 0 0.000292745 0
  0 0.000057169 0 0.000065867 0 0.000062750 0 0.000078150 0 0.000142193 0
  0 0.000102123 0 0.000110387 0 0.000104634 0 0.000120461 0 0.000185486 0
  0 0.000164807 0 0.000171605 0 0.000166592 0 0.000183347 0 0.000252383 0
  0 0.000082131 0 0.000093379 0 0.000082560 0 0.000097926 0 0.000161381 0
  0 0.000087092 0 0.000095480 0 0.000089394 0 0.000106498 0 0.000175305 0
  0 0.000123701 0 0.000126533 0 0.000121099 0 0.000135679 0 0.000198421 0
  0 0.000059563 0 0.000064587 0 0.000061065 0 0.000078920 0 0.000148935 0
  0 0.000179856 0 0.000182420 0 0.000177406 0 0.000190678 0 0.000248824 0
  0 0.000118317 0 0.000124439 0 0.000119173 0 0.000139950 0 0.000195096 0
  0 0.000125481 0 0.000127578 0 0.000118502 0 0.000132852 0 0.000189578 0
  0 0.000092768 0 0.000097359 0 0.000094750 0 0.000111816 0 0.000172325 0
  0 0.000106242 0 0.000116777 0 0.000109150 0 0.000127769 0 0.000195767 0
  0 0.000199833 0 0.000200656 0 0.000197934 0 0.000216310 0 0.000292745 0
  0 0.000109695 0 0.000123250 0 0.000115120 0 0.000130728 0 0.000198508 0
  0 0.000093725 0 0.000099076 0 0.000089791 0 0.000103043 0 0.000168590 0
  0 0.000145156 0 0.000156984 0 0.000148832 0 0.000167213 0 0.000251650 0
  0 0.000061765 0 0.000072735 0 0.000067276 0 0.000081750 0 0.000156269 0
  0 0.000120060 0 0.000128806 0 0.000124888 0 0.000144477 0 0.000244929 0
  0 0.000120060 0 0.000128806 0 0.000124888 0 0.000144477 0 0.000244929 0
  0 0.000090527 0 0.000104233 0 0.000097614 0 0.000119226 0 0.000219646 0
  0 0.000097986 0 0.000106441 0 0.000099672 0 0.000113489 0 0.000183229 0
  0 0.000084341 0 0.000088353 0 0.000085419 0 0.000102040 0 0.000226506 0
  0 0.000152674 0 0.000163984 0 0.000160388 0 0.000173993 0 0.000241217 0
  0 0.000094156 0 0.000100086 0 0.000094855 0 0.000111862 0 0.000191956 0
  0 0.000072239 0 0.000073371 0 0.000068121 0 0.000081726 0 0.000150173 0
  0 0.000127688 0 0.000134439 0 0.000127746 0 0.000140229 0 0.000208269 0
  0 0.000127688 0 0.000135820 0 0.000128549 0 0.000140445 0 0.000208269 0
  0 0.000115922 0 0.000122039 0 0.000119741 0 0.000143016 0 0.000255909 0
  0 0.000095913 0 0.000105371 0 0.000095982 0 0.000110338 0 0.000179798 0
  0 0.000101865 0 0.000108268 0 0.000108054 0 0.000124804 0 0.000206726 0
  0 0.000122354 0 0.000135820 0 0.000128549 0 0.000140445 0 0.000204656 0
  0 0.000105249 0 0.000114728 0 0.000110472 0 0.000126479 0 0.000200400 0
  0 0.000119690 0 0.000119914 0 0.000113883 0 0.000130410 0 0.000214550 0
  0 0.000145156 0 0.000156984 0 0.000148832 0 0.000167213 0 0.000251650 0
  0 0.000119690 0 0.000119914 0 0.000113883 0 0.000130410 0 0.000214550 0
  0 0.000119690 0 0.000119914 0 0.000113883 0 0.000130410 0 0.000214550 0
  0 0.000130342 0 0.000142667 0 0.000134204 0 0.000150028 0 0.000228147 0
  0 0.000083319 0 0.000097960 0 0.000088104 0 0.000107584 0 0.000195331 0
  0 0.000164213 0 0.000174912 0 0.000169535 0 0.000183630 0 0.000257633 0
  0 0.000117979 0 0.000120076 0 0.000118506 0 0.000134752 0 0.000213020 0
  0 0.000153223 0 0.000160059 0 0.000156501 0 0.000168797 0 0.000236729 0
  0 0.000153223 0 0.000160059 0 0.000156501 0 0.000168797 0 0.000236729 0
  0 0.000133094 0 0.000139213 0 0.000136637 0 0.000152383 0 0.000216016 0
  0 0.000101926 0 0.000110927 0 0.000103352 0 0.000121083 0 0.000201659 0
  0 0.000140646 0 0.000145998 0 0.000139734 0 0.000163996 0 0.000285842 0
  0 0.000117567 0 0.000127266 0 0.000120169 0 0.000139297 0 0.000213414 0
  0 0.000160822 0 0.000161968 0 0.000160322 0 0.000179736 0 0.000262852 0
  0 0.000168241 0 0.000176466 0 0.000172212 0 0.000190548 0 0.000266696 0
  0 0.000177349 0 0.000180702 0 0.000179129 0 0.000196616 0 0.000270958 0
  0 0.000183914 0 0.000180166 0 0.000179596 0 0.000201744 0 0.000300278 0
  0 0.000157795 0 0.000151414 0 0.000147819 0 0.000168006 0 0.000261228 0
  0 0.000139279 0 0.000136094 0 0.000139506 0 0.000166421 0 0.000328669 0
  0 0.000084193 0 0.000090235 0 0.000086707 0 0.000118858 0 0.000253120 0
  0 0.000131036 0 0.000133285 0 0.000128559 0 0.000153445 0 0.000245950 0
  0 0.000061820 0 0.000070924 0 0.000067381 0 0.000095128 0 0.000228597 0
  0 0.000128164 0 0.000138656 0 0.000133101 0 0.000150534 0 0.000223860 0
  0 0.000062125 0 0.000068131 0 0.000065082 0 0.000083326 0 0.000152998 0
  0 0.000149212 0 0.000153744 0 0.000149349 0 0.000167429 0 0.000241203 0
  0 0.000065619 0 0.000075160 0 0.000070963 0 0.000089529 0 0.000160572 0
  0 0.000076112 0 0.000084498 0 0.000081225 0 0.000103839 0 0.000189928 0
  0 0.000074673 0 0.000075906 0 0.000077994 0 0.000101460 0 0.000228597 0
  0 0.000073895 0 0.000075906 0 0.000077994 0 0.000101460 0 0.000148545 0
  0 0.000125150 0 0.000128827 0 0.000143605 0 0.000163057 0 0.000313396 0
  0 0.000082928 0 0.000107014 0 0.000106635 0 0.000133722 0 0.000243655 0
  0 0.000111000 0 0.000109450 0 0.000103206 0 0.000120938 0 0.000186556 0
  0 0.000093497 0 0.000108650 0 0.000104467 0 0.000126984 0 0.000221077 0
  0 0.000087812 0 0.000081168 0 0.000073741 0 0.000093617 0 0.000167527 0
  0 0.000195388 0 0.000209920 0 0.000204704 0 0.000219843 0 0.000281018 0
  0 0.000121272 0 0.000116263 0 0.000108145 0 0.000121963 0 0.000186912 0
  0 0.000102113 0 0.000108055 0 0.000102590 0 0.000118269 0 0.000184016 0
  0 0.000095257 0 0.000143279 0 0.000140968 0 0.000154320 0 0.000211871 0
  0 0.000124037 0 0.000127805 0 0.000124848 0 0.000140071 0 0.000196715 0
  0 0.000132871 0 0.000138757 0 0.000129535 0 0.000145968 0 0.000200797 0
  0 0.000134141 0 0.000148051 0 0.000140964 0 0.000155129 0 0.000211978 0
  0 0.000195138 0 0.000210525 0 0.000199212 0 0.000213211 0 0.000271145 0
  0 0.000121515 0 0.000131498 0 0.000121142 0 0.000135154 0 0.000190236 0
  0 0.000138693 0 0.000148472 0 0.000145436 0 0.000159989 0 0.000218078 0
  0 0.000133656 0 0.000140605 0 0.000134977 0 0.000151820 0 0.000214942 0
  0 0.000156035 0 0.000162707 0 0.000157283 0 0.000171718 0 0.000228385 0
  0 0.000151176 0 0.000157038 0 0.000152523 0 0.000167223 0 0.000225146 0
  0 0.000128006 0 0.000130721 0 0.000126801 0 0.000140729 0 0.000202375 0
  0 0.000158099 0 0.000162690 0 0.000159212 0 0.000176588 0 0.000243513 0
  0 0.000154797 0 0.000162651 0 0.000155349 0 0.000170672 0 0.000233698 0
  0 0.000141826 0 0.000145643 0 0.000139110 0 0.000153315 0 0.000212429 0
  0 0.000170961 0 0.000180535 0 0.000175118 0 0.000192132 0 0.000257032 0
  0 0.000184277 0 0.000189827 0 0.000184637 0 0.000198647 0 0.000258434 0
  0 0.000116986 0 0.000125954 0 0.000119560 0 0.000137488 0 0.000204384 0
  0 0.000107900 0 0.000109730 0 0.000107747 0 0.000120187 0 0.000176693 0
  0 0.000106753 0 0.000114407 0 0.000113328 0 0.000132734 0 0.000226739 0
  0 0.000132673 0 0.000137214 0 0.000132475 0 0.000151874 0 0.000249437 0
  0 0.000102747 0 0.000113508 0 0.000113447 0 0.000134543 0 0.000241347 0
  0 0.000102747 0 0.000113508 0 0.000113447 0 0.000134543 0 0.000254080 0
  0 0.000074849 0 0.000092675 0 0.000085274 0 0.000106715 0 0.000209830 0
  0 0.000132853 0 0.000149795 0 0.000143867 0 0.000161242 0 0.000254429 0
  0 0.000149343 0 0.000146309 0 0.000139471 0 0.000156954 0 0.000242368 0
  0 0.000182559 0 0.000193897 0 0.000188898 0 0.000205474 0 0.000288589 0
  0 0.000122719 0 0.000126782 0 0.000133090 0 0.000154260 0 0.000255678 0
  0 0.000091907 0 0.000099604 0 0.000097031 0 0.000124270 0 0.000253306 0
  0 0.000088080 0 0.000100036 0 0.000095263 0 0.000117904 0 0.000220909 0
  0 0.000063001 0 0.000071738 0 0.000066343 0 0.000090163 0 0.000198406 0
  0 0.000092724 0 0.000093081 0 0.000080814 0 0.000097327 0 0.000185775 0
  0 0.000078388 0 0.000077333 0 0.000075351 0 0.000099836 0 0.000219609 0
  0 0.000137785 0 0.000145273 0 0.000136982 0 0.000158208 0 0.000261024 0
  0 0.000145417 0 0.000155096 0 0.000151702 0 0.000171809 0 0.000267800 0
  0 0.000108660 0 0.000113402 0 0.000112867 0 0.000136305 0 0.000242250 0
  0 0.000162062 0 0.000175359 0 0.000173230 0 0.000190467 0 0.000262303 0
  0 0.000176659 0 0.000173183 0 0.000168759 0 0.000187248 0 0.000266582 0
  0 0.000118870 0 0.000123900 0 0.000114566 0 0.000129816 0 0.000192138 0
  0 0.000130633 0 0.000130403 0 0.000127133 0 0.000142183 0 0.000205026 0
  0 0.000121458 0 0.000129795 0 0.000126740 0 0.000141802 0 0.000206668 0
  0 0.000108490 0 0.000113542 0 0.000111566 0 0.000125412 0 0.000185594 0
  0 0.000137735 0 0.000144729 0 0.000140654 0 0.000155399 0 0.000218023 0
  0 0.000154012 0 0.000163369 0 0.000159855 0 0.000176815 0 0.000247275 0
  0 0.000098319 0 0.000095399 0 0.000088807 0 0.000102996 0 0.000159884 0
  0 0.000095781 0 0.000103805 0 0.000100305 0 0.000116455 0 0.000180319 0
  0 0.000114880 0 0.000123412 0 0.000116286 0 0.000130672 0 0.000192099 0
  0 0.000160717 0 0.000167267 0 0.000162617 0 0.000176243 0 0.000243501 0
  0 0.000218396 0 0.000228271 0 0.000223845 0 0.000236218 0 0.000299222 0
  0 0.000207883 0 0.000214971 0 0.000210267 0 0.000223732 0 0.000294325 0
  0 0.000149346 0 0.000152710 0 0.000145050 0 0.000159331 0 0.000229162 0
  0 0.000155410 0 0.000157814 0 0.000154494 0 0.000168890 0 0.000242070 0
  0 0.000176628 0 0.000183944 0 0.000180028 0 0.000195678 0 0.000267158 0
  0 0.000128271 0 0.000137972 0 0.000134287 0 0.000150860 0 0.000226496 0
  0 0.000155153 0 0.000157814 0 0.000154494 0 0.000168890 0 0.000242070 0
  0 0.000184153 0 0.000191810 0 0.000184366 0 0.000199666 0 0.000269360 0
  0 0.000134735 0 0.000136275 0 0.000128891 0 0.000143196 0 0.000214965 0
  0 0.000113622 0 0.000123763 0 0.000118414 0 0.000132422 0 0.000198625 0
  0 0.000144838 0 0.000153204 0 0.000149546 0 0.000166280 0 0.000244875 0
  0 0.000087870 0 0.000095599 0 0.000088984 0 0.000102276 0 0.000164237 0
  0 0.000211489 0 0.000221018 0 0.000215207 0 0.000228043 0 0.000288425 0
  0 0.000145855 0 0.000151257 0 0.000144780 0 0.000159948 0 0.000229229 0
  0 0.000129285 0 0.000134299 0 0.000128607 0 0.000144171 0 0.000213626 0
  0 0.000097682 0 0.000109138 0 0.000103152 0 0.000117044 0 0.000183481 0
  0 0.000200856 0 0.000208870 0 0.000203829 0 0.000218256 0 0.000284301 0
  0 0.000209442 0 0.000217425 0 0.000213405 0 0.000227308 0 0.000296569 0
  0 0.000209442 0 0.000217425 0 0.000213405 0 0.000227308 0 0.000296569 0
  0 0.000183303 0 0.000189550 0 0.000183441 0 0.000198956 0 0.000276105 0
  0 0.000138043 0 0.000152407 0 0.000144947 0 0.000156372 0 0.000224554 0
  0 0.000183303 0 0.000189550 0 0.000183441 0 0.000198956 0 0.000276105 0
  0 0.000101788 0 0.000094899 0 0.000088655 0 0.000102076 0 0.000166235 0
  0 0.000125453 0 0.000135844 0 0.000129000 0 0.000143197 0 0.000202852 0
  0 0.000160347 0 0.000163440 0 0.000158702 0 0.000170729 0 0.000236760 0
  0 0.000097801 0 0.000106415 0 0.000098222 0 0.000113875 0 0.000178503 0
  0 0.000091442 0 0.000100272 0 0.000093812 0 0.000108822 0 0.000172968 0
  0 0.000086789 0 0.000097410 0 0.000090096 0 0.000104445 0 0.000170381 0
  0 0.000116852 0 0.000068149 0 0.000114632 0 0.000073585 0 0.000138024 0
  0 0.000209442 0 0.000217425 0 0.000213405 0 0.000227308 0 0.000296569 0
  0 0.000133110 0 0.000143554 0 0.000137393 0 0.000150682 0 0.000210103 0
  0 0.000107299 0 0.000091767 0 0.000083546 0 0.000095771 0 0.000156938 0
  0 0.000138043 0 0.000152407 0 0.000144947 0 0.000156372 0 0.000224554 0
  0 0.000144527 0 0.000146203 0 0.000139734 0 0.000152733 0 0.000217989 0
  0 0.000199641 0 0.000209376 0 0.000205035 0 0.000219633 0 0.000286021 0
  0 0.000099123 0 0.000105638 0 0.000101908 0 0.000113843 0 0.000173029 0
  0 0.000163347 0 0.000181568 0 0.000171140 0 0.000189921 0 0.000275836 0
  0 0.000210612 0 0.000223711 0 0.000219783 0 0.000243168 0 0.000352775 0
  0 0.000109545 0 0.000114051 0 0.000108207 0 0.000126589 0 0.000272624 0
  0 0.000116979 0 0.000132185 0 0.000125927 0 0.000144742 0 0.000230497 0
  0 0.000069988 0 0.000075380 0 0.000069910 0 0.000091430 0 0.000195003 0
  0 0.000071841 0 0.000093438 0 0.000083748 0 0.000101820 0 0.000185348 0
  0 0.000107699 0 0.000117099 0 0.000107727 0 0.000127450 0 0.000218894 0
  0 0.000107699 0 0.000117099 0 0.000107727 0 0.000127450 0 0.000218894 0
  0 0.000121159 0 0.000108951 0 0.000098162 0 0.000117357 0 0.000220007 0
  0 0.000167727 0 0.000176936 0 0.000173426 0 0.000190665 0 0.000278453 0
  0 0.000196407 0 0.000205896 0 0.000202046 0 0.000218509 0 0.000299189 0
  0 0.000145195 0 0.000146844 0 0.000141488 0 0.000164527 0 0.000278281 0
  0 0.000102950 0 0.000119533 0 0.000114160 0 0.000135050 0 0.000238821 0
  0 0.000090714 0 0.000102857 0 0.000095864 0 0.000118457 0 0.000217843 0
  0 0.000093759 0 0.000112843 0 0.000107667 0 0.000127810 0 0.000224428 0
  0 0.000103957 0 0.000109140 0 0.000107773 0 0.000134863 0 0.000263322 0
  0 0.000284665 0 0.000168917 0 0.000122769 0 0.000128397 0 0.000213313 0
  0 0.000145989 0 0.000151992 0 0.000149094 0 0.000169609 0 0.000267396 0
  0 0.000116979 0 0.000132185 0 0.000125927 0 0.000144742 0 0.000230497 0
  0 0.000092895 0 0.000092820 0 0.000094708 0 0.000116036 0 0.000224909 0
  0 0.000122763 0 0.000132287 0 0.000122003 0 0.000139404 0 0.000220342 0
  0 0.000163347 0 0.000181568 0 0.000171140 0 0.000189921 0 0.000275836 0
