1 8.39861123096 49.2978483133
2 9.967107138 70.8817002284
3 16.7755534099 52.3979680919
4 11.0372415209 3.77425213552
5 12.3580975602 3.17633439315
6 23.4013735494 -52.2928241017
7 22.7866930235 -8.11904600546
8 22.7090841464 11.8918411351
9 14.1344791269 53.5831862465
10 4.67945179986 -29.5514854122
11 23.4145884214 -23.01866968
12 10.6347821784 24.6867169229
13 1.09270930557 2.67768569438
14 1.68241130974 -27.9371647283
15 9.70070781296 5.3360865996
16 2.53287012615 -50.2091007796
17 11.5951969774 39.4806387058
18 13.6249389437 31.6603323135
19 8.73283377315 25.1314437416
