1.0 7.7319445642981055 9.065277897631438 39.2978483132537 59.2978483132537
2.0 9.300440471331912 10.633773804665246 60.88170022840343 80.88170022840343
3.0 16.10888674324781 17.44222007658114 42.39796809192202 62.39796809192202
4.0 10.370574854255745 11.703908187589077 -6.225747864481968 13.774252135518033
5.0 11.691430893528292 13.024764226861626 -6.823665606846367 13.176334393153633
6.0 22.734706882775964 24.068040216109296 -62.29282410174732 -42.29282410174732
7.0 22.12002635687344 23.45335969020677 -18.119046005460905 1.8809539945390945
8.0 22.042417479707943 23.37575081304128 1.891841135131152 21.891841135131152
9.0 13.467812460214928 14.801145793548262 43.583186246507196 63.583186246507196
10.0 4.012785133189465 5.346118466522798 -39.551485412231585 -19.551485412231585
11.0 22.74792175472901 24.081255088062342 -33.018669680009964 -13.018669680009964
12.0 9.96811551173878 11.301448845072114 14.686716922917228 34.68671692291723
13.0 0.4260426388994174 1.7593759722327507 -7.322314305621782 12.67768569437822
14.0 1.0157446430736126 2.349077976406946 -37.93716472833529 -17.937164728335286
15.0 9.034041146289944 10.367374479623276 -4.663913400396679 15.33608659960332
16.0 1.8662034594851495 3.199536792818483 -60.2091007796353 -40.2091007796353
17.0 10.928530310733333 12.261863644066667 29.4806387057916 49.4806387057916
18.0 12.958272277049938 14.291605610383272 21.660332313545855 41.66033231354585
19.0 8.06616710648491 9.399500439818244 15.131443741580405 35.131443741580405
